0.0372046820345
-0.128256054608
-0.0271044230801
-0.0250774378352
-0.0511843791727
-0.0338402642332
-0.0245601248972
0.0162615739953
0.00997968774018
-0.0110133234163
-0.0552778409489
-0.0628946936584
-0.0902044143529
-0.0111849447627
-0.0860807673646
0.0357901533057
-0.0425179905052
-0.00770878451833
-0.0150911384289
-0.0462350619226
0.0851995866895
0.014060615707
0.0482081875957
0.0355289131912
-0.069667434118
-0.113823833873
0.00443690494107
-0.0503585394593
0.018703268237
-0.0547648442522
0.040089800593
-0.00996544169675
-0.169727233745
0.201666837162
-0.0807407375321
-0.0400102346791
-0.0107582981075
0.0718430187588
0.0369686310747
-0.101192690307
0.0628209357534
-0.0616749750798
-0.0145636029536
-0.110534547197
-0.164820088909
-0.161976778363
0.0642587947849
-0.0200091207892
-0.0535999192276
0.0263720144539
0.0162342619805
0.0150476028809
-0.044633621089
-0.0249409010205
-0.0870938675132
-0.0723674210666
-0.0366786518149
-0.0867781883329
-0.120247280848
0.0126674094204
0.0480516996542
0.00968848883993
0.0362466459433
-0.00348344677731
-0.106541162757
-0.0449131698218
-0.039180996493
-0.105352656162
-0.128696307276
-0.0663999866116
-0.134123756323
-0.128349527412
-0.129365106565
-0.190458201208
-0.0314509735809
-0.163126306318
-0.0255857065213
-0.134339436963
-0.112893814149
0.00529590173282
-0.0901948958692
-0.0192540479497
-0.058331069599
-0.208304748325
-0.182917736059
0.0568625154258
-0.00695177132838
-0.0736412960119
0.018113348001
-0.0682466263095
0.052598070814
-0.0772388464094
-0.054611522878
0.00281555945463
0.0487709339362
0.00114048177218
-0.0757788177639
-0.211133945787
-0.0986977216623
-0.0741924540663
-0.0399512235188
-0.0704193717101
-0.0815514635333
0.0140057902064
-0.0581510423722
-0.026128482682
-0.00535461092978
-0.0368535052336
-0.140953067288
-0.00517932321117
-0.00132772305618
-0.0424094009504
-0.00177506325618
-0.0370379695823
-0.0173189840923
-0.0806390304498
0.0491032009476
-0.154238143522
0.018144398664
0.0471862160264
-0.0135894111247
-0.0528283988963
0.148621943512
-0.160669816446
-0.110223337671
-0.0587944552369
-0.0921725305165
0.0101542391658
-0.0937390908136
0.0830386318856
0.0248863690306
-0.0840799625079
-0.073505442414
-0.0301644048579
0.0920994828904
0.0647659282744
0.0414338313546
0.00821068690787
-0.0782066046877
-0.114573504366
-0.00529536740233
-0.0432405439272
-0.0725926579976
-0.00805448940285
0.106677991861
0.00849065646115
0.0509087652075
0.0410718207344
0.044269345026
-0.0193168225437
-0.0600135585111
-0.0307412782885
-0.142527595088
-0.0239997501245
0.043983310058
0.132466340236
0.151210309823
-0.010527562189
0.0783258891986
0.0774390651149
0.00441581108685
0.055170801469
-0.0452911932567
0.0065388495949
0.102046787717
-0.0186886532282
-0.0657517899584
-0.00665900108016
0.0735963276729
0.0816024965705
-0.113320849623
-0.0409253735026
-0.0337045321648
-0.115345220238
-0.0859577261189
0.0373947947485
-0.0226498356694
0.0615552176815
-0.0834442355538
-0.0636052243011
-0.0253129429038
-0.0034339020986
0.0547510139947
0.0161628525114
0.0569649343223
-0.0342721639133
-0.123553513234
-0.0220768297157
0.0760374574754
-0.123150653557
-0.042243804911
-0.079551251063
-0.0797558228828
-0.0379769561233
0.0272648743358
-0.0651381571849
-0.0136442524533
0.0133946298196
-0.079429194411
-0.051791232743
-0.0464711282908
-0.165208592576
-0.0980812162682
-0.100339766781
-0.163431916244
-0.0484109408697
-0.0763350069065
-0.13515064123
-0.0236498350164
0.0260500750358
-0.075224805175
0.0544716047836
-0.0664035789335
-0.0732804443592
-0.0476665565009
-0.0776169982112
-0.0996986022939
-0.123031146837
0.0541938137002
0.05368369218
-0.0897172182886
0.0329923709564
0.0444276152894
-0.0231658599643
-0.0210988716333
-0.0650660615036
-0.0622579337551
0.118195469007
-0.0644729620815
-0.0466987337509
0.0231472923014
-0.0272966938992
0.00522019273247
-0.0857904940854
-0.0694242032059
-0.0472921997569
-0.0656407951044
-0.0891568439954
-0.0965099857414
-0.0190491766923
-0.168841599195
-0.235407885192
-0.0581012614581
-0.0568431296791
-0.0296269461238
0.00491556087063
-0.0678587192855
-0.029420090563
0.00390621693997
-0.0740648674518
-0.0190462425965
-0.0429636907668
-0.0735662123372
0.105573380633
-0.0157450777187
-0.104211292197
-0.0580109338475
-0.128972963791
-0.0574419956602
0.0188759988852
-0.0197060296635
-0.167809959563
-0.00769225642801
-0.117579555436
-0.0538917642672
-0.0612774978946
-0.0800875797334
0.0116711335723
0.0037567019678
-0.0266475589755
-0.0225838983779
-0.120293562229
-0.0158682058565
-0.111952596657
-0.0654800503527
-0.0322555901539
-0.0639171409213
-0.00609386904141
-0.0367465016303
-0.035192430977
-0.0192454004305
0.0352909668673
0.00713284340044
-0.187728691189
-0.0732980418899
-0.0630228622317
-0.0997870569062
-0.0316348944527
0.0170365279849
0.0600333598032
0.0221745636479
0.00054502506068
0.0792605014918
-0.107552356117
-0.0422129527312
-0.111980754319
0.0901795635959
0.116755845048
-0.0913051712225
-0.069110221179
-0.102261876903
-0.00907671969325
-0.0340120171185
-0.0109733194222
-0.0862664775036
-0.0103330136125
-0.192341928445
0.121068018979
-0.152748549421
0.0455916466431
0.0363894112293
-0.0609098735772
-0.0864082973066
-0.0354297383474
-0.0638152025161
0.138466109801
-0.0417888933488
-0.0667779170642
-0.0771904535946
-0.0989212375771
0.0302430176357
-0.0453121629737
-0.155870590724
0.0500866541904
-0.103218546988
-0.0401456334649
0.0659651117803
-0.166552158176
-0.108863178338
-0.00370084880755
-0.109563421254
-0.0559623369834
-0.0833309686072
-0.195544606185
-0.0555858784946
0.111749257326
-0.0152184504275
-0.0623489572829
-0.0813413828462
-0.0499991955705
-0.138171654459
-0.0427412763782
-0.0393981524863
-0.0833602151161
-0.0310535397191
-0.000367340156103
0.0268346599989
-0.0697220117252
-0.114668860388
-0.0950645524605
-0.115264611381
-0.0586865453829
-0.107120343979
-0.0671755222174
0.0766095097676
-0.0230043931985
-0.024300274251
-0.108582992568
0.0521929146223
-0.0478004670596
-0.0838650387679
0.0604550384063
-0.218068749616
-0.149113210263
-0.0593414198512
0.0321234431555
0.00164581571846
-0.00382843068919
-0.0160229297474
0.0675228054483
-0.0248823450917
0.0130150716584
0.0133409301775
-0.0251251771293
-0.0175411424712
-0.048709719718
-0.00140154801022
0.0542178449933
0.0163880534705
0.0731460726864
0.0136747972326
0.0273660137365
0.0481269495148
-0.0799637643104
0.0239390118675
-0.0169110326058
-0.0720111689762
0.135794381757
0.0770020589958
-0.107553433046
0.002343145102
0.0227824915735
0.0317466254031
0.0105584543653
0.0657345969573
0.147653772792
-0.0416144098813
-0.00658391232362
-0.0509573642217
-0.108735513805
-0.0874137618503
-0.0231946015996
0.0491299346945
-0.0566214439295
-0.19145291687
-0.113533696474
-0.109586351876
-0.0937742755988
0.0552143798814
-0.000241883604549
-0.0934202141259
0.0363269785071
0.0637943021639
-0.0220977004986
0.0231868997714
-0.0846007839133
-0.00717756089156
-0.0271529947563
-0.0799963653577
0.0404451217508
-0.0105083464156
-0.058018058644
-0.042682731688
-0.0710092437127
-0.109806748889
-0.0561505221439
0.0213529470663
-0.0113879112721
-0.126414016966
-0.167665327341
-0.0405826575274
-0.0439557455894
-0.00685545680131
0.0141202229706
0.0286376971194
-0.0455298248463
0.0748188534669
-0.0790983154396
-0.16954393517
-0.051369740953
0.031442495611
-0.0664066547771
0.0361082057107
-0.0954331643651
-0.130659725221
-0.0639655940764
-0.0677414953995
-0.105561756168
-0.07074621022
-0.0843940770704
0.0637846986351
-0.0942338664239
-0.0886092563335
0.0103772601745
-0.0722453998445
0.0201377193532
-0.0745823263628
0.00426573592948
0.0697918582964
0.0272838373615
-0.102043541721
0.0624719564043
-0.0901654603591
0.0475480541469
-0.117433708989
-0.0840270555099
-0.0838008110943
-0.0291834568406
-0.00647349865154
-0.136629208636
-0.0878729306335
0.0280320974066
0.0136676939003
-0.0986337485349
-0.0257942504561
0.0956785792538
0.0065423163063
0.0318416338734
-0.172832188332
-0.0673804433597
-0.0878703888526
-0.0333821980312
0.0215483164508
-0.0801060116531
0.0977276703109
-0.00796702675061
-0.0327934385697
-0.10685661501
-0.0170887798459
0.003347962949
0.0794948053432
-0.00247447691252
-0.0421086296431
-0.0700081220486
-0.0482894015419
-0.0755181180325
-0.0469731336845
0.128732801434
-0.0756500127903
-0.108335109423
0.0038976963636
0.0255700454636
0.0839188268169
-0.0444063470295
0.00890672816522
0.0733512166137
-0.00434597141753
-0.0751064567328
-0.0118045875513
0.0261745496678
-0.0292336674633
-0.0295169054887
-0.0665396845034
0.0859363214222
0.0301325444367
-0.0330841730096
0.104630798126
0.0331955133055
-0.0300641773205
0.0744249687963
0.0246130448561
-0.0250635347683
-0.0067951352743
0.0613305934333
-0.0398692159722
-0.0496066219185
0.0888359573095
-0.0587343903797
-0.0502325078116
-0.155980929327
-0.0234183852928
-0.0550028803064
0.0140785761728
0.0247235269856
-0.0834494694728
-0.0578372948073
0.0195290384358
0.0259611808289
-0.00519938632515
-0.0388125652598
0.0759596060169
-0.032409802456
0.0164601154632
-0.0796099997157
0.0323819943056
-0.105156622582
-0.0977157146155
0.0115462439457
0.02471694608
-0.0337627080263
-0.0506861827242
-0.0569008918115
0.0335250278146
0.0573969435687
-0.0969806169303
0.0937276396519
-0.0850262893555
-0.0704153493273
-0.0458889609164
0.0228155862457
-0.0572898241084
-0.0204399639197
0.0317609148782
-0.0162884558648
0.0578496218713
0.0374868892349
-0.0368363160661
-0.000662669932278
-0.050292144533
0.0207230642915
-0.0254889855399
0.0601709428139
0.0120650725801
0.0048734852846
-0.0074759467675
-0.00561136391859
-0.106931328772
-0.0242183136925
-0.0910386631744
-0.0794050263298
0.0509291435026
-0.0262186680841
-0.0510556170459
0.0199143183991
-0.0642890110275
0.0460181109135
0.00217088307773
-0.0835403275371
-0.0675514851028
0.0688276128472
0.0330193751236
0.00207136995051
0.0282384412801
-0.105724188755
0.0165894657367
0.145713720262
0.01987479117
0.0359625315441
0.00061318886594
0.00316110355288
-0.0245489130379
0.00395704342366
-0.0979942802187
0.108157854342
0.0940062637203
-0.0475703594319
-0.0707943105929
-0.0632134272617
-0.0420513825084
0.0130249866405
-0.0500005818199
-0.00709804157195
-0.0551030391741
0.0474336527446
-0.12635058125
0.100814753844
0.0140268170172
0.0574095641368
0.0249256679819
0.0243452839704
0.0363942585018
0.0306511401011
0.0465038970717
-0.0318994729512
-0.0790622177172
-0.024649129519
-0.0585771610676
-0.00148148562068
-0.0277255045816
-0.105458151317
0.0371166082208
-0.0508889401196
-0.0118892041738
-0.0629458172922
-0.0605130689935
0.0241903197282
0.00690108195848
0.0406283544508
0.0679252901538
-0.114105699913
-0.0779538667733
0.0149449708033
-0.0663772872899
-0.12266360345
0.0167912960607
0.0298306670476
-0.0096663206907
-0.0285764386344
-0.113229104264
-0.089329801943
-0.0434013951702
-0.0250435162065
-0.118825589388
-0.0289162807472
0.0307520357566
-0.194444949244
-0.0147203596949
-0.0743202536562
-0.131170131637
-0.0833289507532
-0.119545038499
-0.142032812694
-0.0836989535673
-0.0265050396374
0.00550788739726
-0.00179209817004
-0.121324974106
-0.136643307855
0.135526943931
0.0418040279161
-0.132204067419
0.0448313695929
0.0496123146757
-0.0139094012309
0.0395055977702
-0.0778137560574
0.000148168931397
-0.0440841917678
0.0571291363084
0.0607294479973
0.0206593042574
0.00753075680989
0.0637200503299
-0.00952622589956
-0.00359945521571
-0.0309381274806
0.0568110128106
-0.0484346450517
0.014142812691
0.00809003492719
-0.137465699658
0.0310398671748
0.0653260181648
0.00695600756617
0.0517536847586
-0.0630638305502
0.0485002976639
-0.0458223244672
0.131107781268
-0.062467432043
-0.0348055497769
0.12303156915
-0.0144838941963
-0.0496603392245
0.0149340469832
0.0028332289848
-0.0761187454396
-0.0265836068659
-0.0499600246937
0.0344707323237
-0.097259694963
0.00913997768469
-0.00307809237321
-0.0764103666101
0.0474899687585
-0.106157389608
-0.127720073818
0.00120508438453
0.0821641250506
-0.0219905654061
-0.0438196740877
0.0746271260283
0.00981934328826
0.0262852835598
-0.0356875762205
0.00887435819611
-0.141745085713
-0.0869033171277
0.0213499231804
-0.0366823597838
0.00677794505518
0.0874918023716
-0.100387664872
-0.0178518687736
-0.0739844473576
-0.0647494862993
0.0969207052366
0.16311631142
0.0511822970731
0.0959712994541
-0.0433625293228
0.00624007412136
0.0256427312204
-0.00787804866477
0.0697449922711
-0.0687468367747
-0.0198944407128
0.0557015428716
0.0297347919583
-0.111192320165
0.00869323564211
0.101618498646
-0.0881775635231
0.0180144275975
0.0128007088667
0.0162301496381
-0.0748732125917
0.0276292203454
-0.0320426870869
-0.0722064355164
-0.0453935135742
-0.0127731937363
0.000105061280144
-0.0327970404399
-0.00715065509309
0.00205055655352
-0.0604664354137
-0.0233630373234
-0.0151275966499
-0.0900103318734
0.0101554620855
-0.1070159467
0.0218476479988
-0.0297986811526
0.00373954037682
-0.0368591973245
-0.00458446803279
0.0312414392724
-0.0329005536757
0.0271822355341
-0.0467196206473
-0.0151763419383
0.0385186886477
-0.0156083232049
0.0270559840916
-0.0836175135799
-0.063278625357
0.0922402702859
0.0174799425721
-0.0491793352899
-0.0870950888053
0.0662352312955
0.0204932594536
-0.131135895066
0.0127461871934
-0.113849494205
-0.0788857634013
-0.0890809554677
-0.0636729951276
-0.00965011219255
-0.13797234151
0.135683950296
-0.0677180194426
-0.0113966357365
0.123230494111
-0.0165879429785
-0.0911840639074
0.0399062396526
0.0674753621392
0.0138399107281
-0.120048115628
0.0154039482087
-0.0492135638987
0.00782125238603
-0.117226400938
-0.0251367554829
-0.0255301547774
-0.0701390447544
0.0131240435629
0.0906951249018
-0.0206148519819
0.0497719669535
-0.013072687037
-0.0930106787319
0.119655678441
-0.0147179020045
0.00543666661689
-0.0244120349565
-0.0458098082702
0.0628493829441
0.0164262110979
-0.129896862522
-0.0209093708493
0.0299794523535
-0.00206677268546
-0.108784961822
-0.02918116987
-0.106065908722
-0.0749532781886
0.0437563870958
0.0106645436728
0.0154672699257
-0.0424531554548
-0.164624102338
0.0795745079332
-0.0327334163257
-0.049262894387
0.0783019561378
0.00772830340582
-0.0378226618914
-0.0353061486697
0.0881707782945
-0.045502848383
0.086545472013
-0.0209759161001
-0.0384308294598
-0.0968951100275
0.00139102288758
-0.0129868900077
-0.0326067244333
-0.00940053974821
-0.0897842876893
-0.0526082110761
-0.0452037500404
-0.160525309153
-0.124886121506
0.0281846700254
-0.0421338266745
-0.0714296728223
0.0915674143171
0.0450357186872
-0.0377150087174
0.0757910984401
-0.0616544522332
0.024112025796
0.116847785811
0.104545027523
-0.0584283957407
-0.0524802265223
-0.0516500189462
0.0244499390171
0.0888116923095
0.072926515989
0.0801727368494
0.0228207893394
-0.0835151899851
-0.142209657313
-0.0884803544818
0.0111276789437
-0.00443117970959
0.0118607566603
-0.0653720493672
-0.0283981052516
0.047486615499
-0.0262523630648
-0.0382435198086
0.0390073826946
-0.0280154172464
-0.0908189929548
0.118793477418
-0.0140726733295
-0.105973308893
0.0108094062431
0.0464340920874
-0.0567311619413
0.0421854085171
0.10660192561
-0.00553926949281
-0.0421132109289
-0.0321484492291
0.00865197900733
-0.0139952483555
-0.0139416199049
-0.162208407846
-0.0200331182981
-0.00843603865878
0.0321078709376
-0.0529069906633
-0.141368071494
0.108628934732
-0.0359244042861
-0.0701584700669
-0.110345152959
-0.0536702500421
-0.0233000264005
-0.0491930663886
-0.0935498921884
-0.0988481814861
0.0406252789866
0.0582535276844
0.0117095062039
-0.0373774352082
-0.0131849187071
0.102328216249
0.121597731829
0.0277330072544
-0.0114846982166
-0.0337809741766
0.0822822495094
0.0243524181885
0.013920390222
-0.177959454802
-0.00968984266142
-0.156137568098
-0.123818105409
0.0901777492594
0.0353636894647
-0.110048839791
0.0694973708936
0.0826496429964
0.0665477875336
-0.087788134878
-0.0759543572047
0.151909502865
-0.0411846322599
0.0013558413791
-0.0598155143915
-0.000934244341626
0.0303567071482
0.0230198187297
-0.00358504596007
0.104032313924
0.0879356558681
-0.139848545162
-0.0543399036924
0.0867763618175
-0.0264190950962
0.0136672510102
0.0495158711573
-0.0675648550627
0.0491896714583
-0.0159498835387
0.0247338766742
-0.0954654945915
-0.0785927273507
-0.0567947261323
0.0383384815993
0.0384121889989
-0.0798746259172
-0.0833919737655
0.0339455496891
-0.0509042424389
0.045345642517
-0.0144989022021
-0.0276457019648
-0.0591502433317
0.101823286332
-0.0402273504259
-0.0422857076671
0.0323339618667
-0.0610293393073
0.11537211794
-0.0187006057335
0.119960099496
-0.0418998516919
0.119225095045
0.0155147395945
-0.0461573169813
0.0396406165476
-0.120990259068
0.0926869487885
-0.00605020272445
0.0811637905902
0.0470919561636
0.0238237325887
0.00331986314769
0.010142482548
0.0260060878444
0.0314405975288
-0.00327555331016
0.0235475133485
-0.0806449344154
-0.0474995084084
0.0548062365634
-0.0200685621676
0.068453751938
-0.108375972572
-0.108726976734
-0.0157175809768
-0.120060861934
0.0312930661511
-0.0260871877103
-0.0714550623315
-0.00147709777868
0.0734463877286
0.00992191620623
-0.0348541753667
-0.00590058385987
-0.00665779996945
-0.000507486733163
0.0638456793528
0.0107740848243
-0.0379176611134
0.0250433087752
-0.036614441797
-0.0886083104196
-0.103424138533
-0.00254109137962
-0.0015511801074
0.10205364813
0.078141867585
-0.0871367012547
-0.000393257369304
0.0508933349206
-0.0190077619269
0.00586067570941
-0.0141460889156
0.0589497112423
0.021043247567
0.14662468057
-0.0419227815483
-0.0319581293829
0.00321664025646
-0.00760534264586
0.0226536199573
-0.144911294874
-0.041639778787
-0.035771256685
0.00177280661296
-0.0262219049462
0.104081986389
-0.0172019359269
-0.0490337056857
0.110036357887
0.0453269430668
-0.0329024581017
0.0837556405144
-0.13431449964
0.168901024616
-0.0458826700422
0.0428615327639
0.0307587149524
-0.0142187330696
-0.0819779712388
-0.0235674713432
-0.0457801816792
-0.00325454361556
0.00767334699094
-0.0172547780629
0.0100099911363
0.0498579761924
0.0667298480658
0.00379208858338
0.0591834934362
-0.0651938213884
-0.071201244187
0.0834306460336
-0.0591181176837
0.0262977132762
-0.0335466617393
-0.0350777123636
-0.101107027306
0.0448974792556
0.0165463311855
-0.134828372716
-0.034543558867
-0.132459779772
0.0950957107673
0.15897261533
0.0424347446359
-0.0669964554694
0.0255998992508
0.138347327816
0.113549551924
0.00136820633997
0.0165666719533
-0.0590671202987
0.0707359415893
-0.00179367230584
-0.01635878692
-0.0947781770887
-0.0946839110201
0.053661222637
0.0388865804725
-0.0209850835195
0.026636878319
0.0736355921086
-0.0341909260412
0.0298807455098
-0.0772324554388
-0.0951256314386
-0.00568640016121
-0.0180086585623
-0.0222900618606
-0.0176028864862
0.0550023597071
-0.0936226362933
0.0697899406658
-0.0235030351375
-0.044979828905
0.0065855502693
0.0270791435588
0.0527456515949
0.0452267776833
0.0382943007917
-0.0102573443984
-0.102127137997
-0.0515747755579
0.0606858370292
-0.0265588355089
-0.000929920454833
-0.0319244261368
-0.0217050775839
-0.0514590027
-0.027939999324
0.0453845694046
-0.0876475083577
0.057919248917
0.130207373357
0.087535576591
0.0225778808038
-0.0812344730925
-0.126088690389
-0.0997568608986
0.0217504199089
0.0323268854152
-0.0251944431526
0.0803062085841
-0.0449511761954
-0.0170154836253
-0.0936251991042
-0.0521683607196
0.0581308934659
-0.0848502740455
-0.00175456860655
-0.057664576712
-0.116052743807
0.0186992101015
-0.0309010437817
-0.0767448623466
-0.0616992699623
0.0224966631367
-0.0175875445845
-0.0116657597223
-0.149593260397
-0.0858485266392
-0.0205795751954
-0.0283913406336
-0.0225992723837
0.106193684697
-0.0854216771957
-0.0775507082111
-4.00258615947e-05
0.0508275807105
0.0553341937031
0.0767280441561
-0.0196548259423
-0.0920183788747
0.108626184798
-0.0459101352844
-0.000835652743268
-0.0373360044706
0.0208698480606
-0.0443468927838
-0.147184575417
-0.0474803041506
0.061346217956
-0.0013905157064
0.0958782396703
-0.0153388095729
-0.0603582118549
-0.0909274046479
-0.0226348669523
0.0470202356201
0.0224178084148
0.0393762307486
-0.128444886649
0.0953249868135
-0.0631476617818
0.00298415680285
0.09873641246
0.00933718584203
-0.0715773374416
-0.0245655117288
-0.125091317287
0.00380635614387
-0.0661599097231
-0.0328634107799
-0.0481193786291
-0.0975720907203
0.00695871114537
-0.168725526354
-0.150623074758
-0.0535100469751
0.0317213272351
0.0784543064644
-0.0363653286317
-0.150573591821
-0.010065803581
-0.0303176896466
-0.0525309300462
-0.0485395046902
-0.0847062040499
0.0737547483464
-0.00152412758774
0.0533015954866
-0.126510649406
-0.0369219719582
-0.059157089252
0.0172438521904
0.121709677357
-0.0754735496
-0.0193991469151
0.00345479589796
-0.0762057053853
-0.00189988500239
-0.0314321034828
-0.0577664299388
-0.0663003456289
-0.0990369897227
0.0301487675115
-0.0145939599554
0.0206479539479
0.0679894574306
0.0310021820023
0.109779187639
0.029850369311
-0.0192497585357
-0.129277342963
-0.0766078764833
-0.119698365158
-0.0443366494152
0.0388618895767
0.0538572904123
0.0457508653037
0.0439402264372
-0.0733415352692
0.0279929085192
-0.0314993730436
-0.0394170233756
0.0253696047732
-0.0935335328834
-0.00747457753386
-0.07016610612
0.0370510084097
0.0213305031201
-0.13841040288
-0.0922003645446
-0.0211165074433
0.083981069779
-0.0116391166075
0.062059016921
-0.219287205439
0.00417451794179
-0.026634760207
-0.00813934991888
-0.0260379661755
-0.00847601917936
0.019673358381
-0.047340650558
-0.0467927196579
-0.0811561379775
-0.200900102989
-0.140586988172
0.0198849763572
-0.0656662196812
-0.0327900548005
-0.0998586894756
-0.0490648402993
-0.0300084961841
-0.0710675368806
0.0107310106363
-0.0961035591051
0.0203411019866
-0.0590275494632
-0.0116944278806
-0.0814317333819
-0.11269285203
0.0483797548217
-0.0594245315882
-0.105401220115
-0.133219217378
-0.016347341612
0.0396657113785
0.154573870044
-0.00960287505074
-0.0184858404061
-0.0981610874851
-0.0502500287155
-0.112143341006
-0.0501416473384
-0.0326529487595
0.000242821933259
-0.0472270163064
-0.000379952280663
-0.0317603989025
0.0883467618788
0.0218757888923
-0.0235018959326
-0.109163594946
0.061985205859
-0.000448836692015
0.0850277651202
0.0746181609518
0.0653158802052
-0.0416175154874
0.00622702159714
0.0051375737779
0.0114017106608
0.0167718107624
0.0297187588888
-0.0598455690012
0.0612290604327
0.0241535878634
0.0175350998294
-0.0219449275697
0.0254281917764
-0.0247638722466
0.064555083317
0.0596333898419
-0.032180498812
0.0287161298738
0.0813081679111
0.0740195156048
0.00728957464375
0.0173279204206
0.145666508724
0.0900639664087
0.0480679670547
-0.0390673275146
-0.0746413096145
-0.0255114567244
-0.0769313370668
0.0687922575897
-0.0171089687486
0.091423319027
-0.0289768707034
0.0460660599839
-0.0844553958275
-0.039264323003
-0.0427290121645
0.0346531593079
-0.0284147398969
0.0656115419541
-0.0489103812029
-0.0120580798029
-0.150671986204
-0.0483168753285
0.0496316871244
0.0298436166386
-0.0725323080196
0.107329944323
-0.0264539178978
0.0810741539717
-0.000107989021695
-0.00425092305281
-0.0454691429406
0.0656699323719
0.0242035844798
0.0118793454387
-0.0225113813345
0.00688872531897
-0.0832358103717
0.0222231459998
-0.0161734750884
0.114357656142
0.0445551224699
0.0165144162231
0.0945039697467
-0.0479665373132
-0.0116119458351
0.0250078145266
-0.0237953386958
-0.0132930589131
-0.00727834870903
0.017143482298
-0.138764511219
0.0317155822163
0.102291396938
-0.0739724078182
-0.054865904586
-0.0162756828628
-0.0565595217262
0.0230827533482
-0.0782605397215
-0.0857939501351
-0.0128039629507
0.010511300054
-0.0106057274432
0.0560247704685
0.0453177911842
-0.0367905364611
-0.0203080676417
0.0396083916815
-0.0749358711123
-0.0530548662918
0.0752782585135
-0.0157277335357
0.0392208456946
0.00785474321616
0.143145362728
0.0560718833113
-0.00930678972238
-0.0745788908795
-0.0977792353988
-0.0062084030292
0.0775821225094
0.0282416883742
-0.0416351122075
7.77066182111e-05
0.0800377440939
0.0473040096648
0.0414739442184
-0.0137882557329
0.0157464278314
-0.135008002059
-0.0216187065497
0.0327489622736
0.0918502200548
-0.105816406771
0.00590449002189
0.0221353412208
-0.0607888909678
-0.000236216476934
0.019472416879
-0.101036352109
-0.0654986041582
-0.00903899340937
-0.0321746024545
0.102425696617
0.14055515583
0.160816132386
0.0671711768607
0.184917728617
0.0249996769072
0.0237858070869
-0.0171986524016
0.00591541271815
-0.128026782187
-0.0434568111144
0.0130419589392
0.0746682370717
-0.00802611361733
0.15829736267
0.0514309572658
0.0732985159415
0.0899468303194
-0.0167216254957
-0.104321437008
0.0948378586477
-0.0411206047717
-0.0517477830721
0.0492739933034
-0.00785724786169
-0.0953807264939
0.0619251999333
0.057867732462
0.0790545127387
0.033682729095
0.00207129877686
-0.0426941248599
0.0696511308886
-0.0176980115112
0.0036016569481
-0.0954263354917
-0.0652425134877
-0.0572939738937
-0.0774727708731
-0.0494986936423
0.0645285496428
-0.100307728693
0.0332961836199
0.0465669557876
-0.040800100205
-0.05990826135
-0.07978923818
-0.0368266704735
-0.0716989134959
0.0306764311874
0.0532752547632
-0.0544045581701
-0.0130578856428
0.00759095892959
0.161554818207
0.0238187834249
-0.018884337241
0.0945038391889
0.0433512048404
-0.0493920148107
-0.00677762406529
-0.0293906351514
0.056492193885
0.0292852458654
0.0451985034883
-0.00315644597792
-0.130888923997
-0.0123272353496
-0.0420945960087
0.02434248053
0.080490335969
0.0391418158452
-0.0295571130196
-0.0560249969294
-0.0215474439568
-0.0736640951244
-0.0980114756391
0.0319478942138
-0.051317833838
-0.0464250842712
-0.0293163943029
-0.0694702301976
-0.033425123179
0.0474323376095
-0.0697992524485
-0.0438428719418
-0.0943771173349
0.16557898875
0.0506063168881
0.0466192177808
0.00752888300868
-0.0325772375812
-0.0451746305325
0.0193572509341
0.0601134484822
0.00521259599388
-0.0447175004471
0.0449084462685
-0.0762588356771
-0.0478902381885
-0.0755578552012
-0.0117071693871
0.0655962083594
0.0812207902636
-0.033634261455
0.0593986305779
0.117537494739
-0.0280806130465
-0.0820835107037
-0.0619237075291
-0.0144682869371
0.073111773683
-0.00383418552017
-0.029377361491
-0.0720532202734
0.06668046103
0.0140379538118
0.0513405554382
0.0379060017376
0.0239122068906
0.0902763220325
0.112297093638
0.0927539663711
0.0185241333347
0.106307535843
0.0368057335397
0.0709919058518
-0.0251537795682
-0.00550838564354
-0.0074411780683
0.0142467882352
-0.0227512197734
0.0645782556893
0.0199195595955
0.154645018283
0.064626676076
-0.00131029918882
0.00321795521124
0.120230581505
-0.0701950796057
0.0781266039421
-0.0557459077106
0.0087550362971
-0.0155335365962
0.0905449600285
0.0175566152583
0.0267098315402
-0.0361342382853
0.0187414696477
0.0317418038999
-0.125960097386
-0.0456816367088
0.0556063577375
0.111974196709
-0.0372597088824
-0.0887236872842
-0.0872390128485
0.0963382936167
-0.000431309525527
0.066189581914
-0.148655302748
0.0216795926147
0.0112243973302
0.0608417563639
-0.0472399156494
-0.0903156000957
0.0175853252524
-0.0980830408427
-0.0284984958626
-0.055757475598
-0.0164051522554
-0.00076797275175
-0.0614997490582
-0.105237511455
0.0153530645002
-0.0203736735985
-0.0460847550931
0.053107454901
0.0844489394394
-0.0136888624394
0.00355764420365
0.0291624313011
0.0612343631586
-0.0519378727078
0.0522799559478
0.0360884486854
0.00728725297759
-0.0487920211222
-0.00907892992057
-0.0399586629606
-0.115552931202
0.125600762443
0.0662907965101
0.108188019478
0.0692390201794
0.0418089843156
-0.0194094495816
-0.122987762878
0.0245537656227
0.110380498328
0.000126072941592
-0.0379902137972
0.00431849879787
-0.102702491526
0.0645349694517
0.0241230943145
0.0296868224935
-0.0195089999183
-0.030444528127
-0.0072984245129
-0.0563270694232
0.0812777192246
-0.0771301675094
-0.10715294126
-0.0342414965698
0.0119139115351
-0.00201232760411
0.113380878443
0.08562172107
-0.0528925478634
-0.0464653308891
0.0422588501111
-0.0676968595409
0.0300017535628
-0.0181293517899
-0.00647983937263
-0.0649513513732
0.108563908916
0.0513679309267
-0.069766001693
0.0496349528201
0.0226570718358
0.0221639867585
-0.0621534350306
-0.052818838313
-0.0227412144794
-0.0606953753278
-0.0658119890546
0.0370736071815
0.016495013688
-0.0164290567044
-0.00326019387144
0.0512920772371
0.0401176715747
-0.0507734465331
0.0497803801467
0.0462380153869
-6.42958577917e-05
0.108951626475
0.0108645338779
0.00649801893305
-0.0216523568732
0.0598187225322
0.0767102984055
0.0364451625524
0.121667580157
-0.0165653781971
0.0845064111035
-0.0790617875261
-1.74560605761e-05
0.0280043109682
0.0544376438879
-0.0206470170946
0.0116264914788
0.117119446091
0.0527527063546
0.086325737202
0.0457505007438
0.0611313422475
0.00391571993494
-0.224699925428
-0.00577630359201
0.129058830525
-0.00906853027487
0.191999988803
-0.0592560405655
0.0991480460135
-0.0426297017746
-0.112307451891
-0.0665968298391
0.00720257838541
-0.0393653912957
0.0159941707678
-0.04425218747
0.0370511337239
0.028478759508
-0.0303138806247
-0.027553631492
0.00744270186019
-0.0122452778587
-0.113433235109
-0.127086039278
-0.0985925699151
-0.00442332202101
-0.0982215526486
-0.0323086312117
-0.0344045425445
0.0916629207723
0.0254211178874
0.101144976084
0.13535199879
0.106652396214
-0.0484523499994
-0.0127916059884
-0.0935844952684
0.0534698431369
-0.120168633415
-0.0623979999456
-0.0355559979561
0.0663896582035
-0.0378572961061
-0.0563282381109
0.0099811291159
0.00623390305823
0.0783266498173
-0.0209564240226
0.00366634070897
-0.0643928068047
0.00260756957096
0.0531352626007
0.038847644907
0.0709770885487
0.0154193615287
-0.0231885690146
-0.082475999873
-0.0272286450617
-0.0973885062014
-0.00360906070741
0.0117869071967
0.00805769662829
-0.117664912969
-0.0192137812927
-0.0107660428511
0.0140011171473
0.0836042166794
-0.0331117254604
0.0797570659907
0.0203837588359
-0.00105514115787
-0.00109402449362
0.123757644682
0.0239933178485
0.0736485963674
-0.0430456601843
0.139523514129
-0.0352075053994
0.178053617797
-0.00868313958491
0.00850499990294
-0.0852477314326
0.0849022726637
0.0504314601615
0.0809966027155
0.0166008150878
-0.00210124089682
-0.0274770369752
-0.0166629382891
-0.0856636467146
-0.0185381248164
0.0618222723618
0.0957508131515
-0.0242943933754
0.0621442165304
0.00686819430607
0.0907089387057
0.0946979665918
0.00720952650841
0.0819498534694
-0.0886686382871
0.0252081676494
0.0252719032886
0.143370239185
0.019954920992
-0.0112822436145
0.0113210221125
0.0965770023046
0.0398269638593
-0.027969857213
-0.0394032852249
-0.0346060959248
0.0689429356984
0.00504422713669
0.0395331159603
0.021834541329
0.0698213129086
0.130770287038
0.0585387748651
0.128087295492
0.0382209140439
-0.200656828192
0.0623941222135
-0.0350856908428
0.0699046576829
0.086739375916
0.0378356230612
0.026433705415
0.0511575299386
0.0596638533426
0.16861856981
0.0549229087929
0.126691910246
-0.0651602393284
0.0358565094002
-0.0161444775944
0.0622450216942
-0.0699525009127
-0.0432833427795
-0.101058267839
0.0202562260664
0.057370737273
0.137736763375
0.00140180776591
-0.0648769412318
-0.00638318925769
-0.0831676107273
0.108411735681
0.108262552349
-0.0560033244526
-0.0476228529333
-0.0189958251291
0.118213522467
-0.0511676443262
-0.0817352961367
-0.0744943993186
-0.047040661682
0.0276501351287
0.000774910486109
0.00772646611054
0.0188442621339
0.0570115975717
0.0462764657131
0.00757473935393
0.0328940282377
0.0174016162484
0.0143374012872
-0.0349724490163
0.096143592451
-0.0180813511477
-0.133779226035
-0.130704656793
0.105136843153
0.119941914103
0.0130637024248
-0.0346597799086
-0.0261387623992
-0.046830323645
0.0856022613194
-0.0694362426332
-0.0434557634026
0.0568265183761
0.0502266815938
0.0173756803763
0.0450085037887
0.0415478160008
-0.0222460863369
-0.0290964783749
0.0425027130446
-0.0588073955252
0.010960026865
0.0116371708266
0.00503323964359
0.0722750765099
0.0436063087397
-0.0670914664231
0.141868852382
0.107119856707
0.0166789365781
0.0730725700128
0.105809032311
0.123666929837
0.0824815099213
0.0454781975638
-0.0448134001451
0.101035734589
0.0253354247737
0.0162476285402
0.062464951312
-0.137638531155
-0.0918995427417
-0.0373070769247
-0.057106445488
0.0125605143113
0.127404157767
0.0653690560763
-0.0352365622255
-0.0183585001424
0.00107658444255
-0.0344097652195
-0.111190372432
-0.0777070453777
0.0697483354971
0.00238146891899
-0.0638220867792
-0.0247835592926
-0.0924323191806
0.0574718781646
0.0271450177463
-0.0088511390275
-0.036746369699
0.0351942468409
-0.0380328457914
-0.0744308229367
0.0396840129151
-0.0514573866439
-0.110647186914
0.0608499850937
-2.26857185883e-05
-0.0307097902364
0.0278038469442
0.00305791149361
0.158974795845
0.0430426558571
-0.000670795322951
-0.110817190934
-0.0335037169063
-0.0287322512895
-0.115804220347
-0.0828108798781
0.0370628287807
-0.146712790855
-0.026518487243
-0.143848198597
0.0471266771761
-0.110275009057
0.127241679332
-0.0702362629097
-0.0242483729062
0.016309054464
-0.120661242821
-0.07201253875
-0.0271904655974
0.0964384129997
0.0717627144635
-0.0777844841987
-0.0167872139943
-0.013144281313
-0.069135612708
-0.109807454138
-0.0763743527005
-0.0217992428682
-0.131852659688
0.00469714527158
