 1 	 1.43441468567
 2 	 1.1052498695
 3 	 0.771117571155
 4 	 0.795544218715
 5 	 0.622986729285
 6 	 0.71569469214
 7 	 0.75006119115
 8 	 0.73024791808
 9 	 0.603328069275
 10 	 0.59201112457
 11 	 0.577534002965
 12 	 0.89492641196
 13 	 0.677316955045
 14 	 0.80673560872
 15 	 0.644246562275
 16 	 0.673490006485
 17 	 0.593618500815
 18 	 0.77666610831
 19 	 0.586453073395
 20 	 0.72564489915
 21 	 0.486178574414
 22 	 0.67308378323
 23 	 0.40152663402
 24 	 0.473193550854
 25 	 0.464206646274
 26 	 0.497148680836
 27 	 0.70539297864
 28 	 0.51839010336
 29 	 0.464913616847
 30 	 0.466601332873
 31 	 0.68985530645
 32 	 0.446796971485
 33 	 0.487592607514
 34 	 1.09758299453
 35 	 0.6643854311
 36 	 1.00147491589
 37 	 0.737249445455
 38 	 0.693956703635
 39 	 0.489762563558
 40 	 0.55924469777
 41 	 0.99953047842
 42 	 1.30213464898
 43 	 1.00362643867
 44 	 1.23809796109
 45 	 0.82638116629
 46 	 0.703596694915
 47 	 1.13132858334
 48 	 1.31047325909
 49 	 0.73487215595
 50 	 1.25470741941
 51 	 0.81717829017
 52 	 0.92867146819
 53 	 0.701884460285
 54 	 1.17720050545
 55 	 0.7351961726
 56 	 0.90650454148
 57 	 0.581439365455
 58 	 0.51212253392
 59 	 0.806713935435
 60 	 0.58099126711
 61 	 0.523411754745
 62 	 0.57647055574
 63 	 1.17529921754
 64 	 0.83217794119
 65 	 0.62218610093
 66 	 0.659564087385
 67 	 0.637082732995
 68 	 0.488268621565
 69 	 0.54948228874
 70 	 0.686641790655
 71 	 0.490325461776
 72 	 0.483699415103
 73 	 0.52265928335
 74 	 0.68395180316
 75 	 0.926774212595
 76 	 0.848004533335
 77 	 0.701646075255
 78 	 1.09117150603
 79 	 0.911168150005
 80 	 0.817368504855
 81 	 1.23665783436
 82 	 0.847347595985
 83 	 1.27222337249
 84 	 0.726140295795
 85 	 0.783830889985
 86 	 0.62841311412
 87 	 0.75811278776
 88 	 0.503457384185
 89 	 0.600643886845
 90 	 0.464755384776
 91 	 1.18544068009
 92 	 0.626026597085
 93 	 0.513916875415
 94 	 0.605009509395
 95 	 0.72444035127
 96 	 1.39540159582
 97 	 1.02463190034
 98 	 0.98660265832
 99 	 0.520057649315
 100 	 0.458658235445
 101 	 0.531701044295
 102 	 0.85601197598
 103 	 0.650162812775
 104 	 0.734800488795
 105 	 1.02361399443
 106 	 0.59744135826
 107 	 0.412108411717
 108 	 0.410562266184
 109 	 1.02622064592
 110 	 0.434079196865
 111 	 0.421550045234
 112 	 0.445807126238
 113 	 0.794337902795
 114 	 0.499388572612
 115 	 0.441440359502
 116 	 0.6711296913
 117 	 0.95380628034
 118 	 0.88386342091
 119 	 0.59150773094
 120 	 0.814749197055
 121 	 0.82518689074
 122 	 0.81520370633
 123 	 0.64751318813
 124 	 0.82288793625
 125 	 0.889938133055
 126 	 1.00972073021
 127 	 0.640918542835
 128 	 0.93358264522
 129 	 0.452133739293
 130 	 0.470930078103
 131 	 0.47803785175
 132 	 0.61260575152
 133 	 0.52443226456
 134 	 0.392592283637
 135 	 0.496034557895
 136 	 1.1333442852
 137 	 0.855178341125
 138 	 0.633145781685
 139 	 0.559425868985
 140 	 1.18800401479
 141 	 0.879160789255
 142 	 0.58096223154
 143 	 0.532004774585
 144 	 0.465242649319
 145 	 0.568868150785
 146 	 0.423781067058
 147 	 1.27671313211
 148 	 0.88812635572
 149 	 0.925376874205
 150 	 0.898714074045
 151 	 1.21462139132
